TL5.MC 638 758 54 59 0.915254237288 0.072 12.7118644068 0.0658983050847
TL5.MC 638 758 53 59 0.898305084746 0.074 12.139257902 0.0664745762712
TL5.MC 638 758 53 59 0.898305084746 0.076 11.8198037467 0.0682711864407
TL5.MC 638 758 53 59 0.898305084746 0.078 11.5167318557 0.0700677966102
TL5.MC 638 758 53 59 0.898305084746 0.08 11.2288135593 0.0718644067797
TL5.MC 638 758 53 59 0.898305084746 0.082 10.9549400579 0.0736610169492
TL5.MC 638 758 53 59 0.898305084746 0.084 10.6941081517 0.0754576271186
TL5.MC 638 758 52 59 0.881355932203 0.086 10.2483247931 0.0757966101695
TL5.MC 638 758 50 59 0.847457627119 0.088 9.63020030817 0.0745762711864
TL5.MC 638 758 49 59 0.830508474576 0.09 9.22787193974 0.0747457627119
TL5.MC 638 758 49 59 0.830508474576 0.092 9.027266028 0.076406779661
TL5.MC 638 758 49 59 0.830508474576 0.094 8.83519653805 0.0780677966102
TL5.MC 638 758 49 59 0.830508474576 0.096 8.6511299435 0.0797288135593
TL5.MC 638 758 49 59 0.830508474576 0.098 8.47457627119 0.0813898305085
TL5.MC 638 758 49 59 0.830508474576 0.1 8.30508474576 0.0830508474576
TL5.MC 638 758 47 59 0.796610169492 0.102 7.80990362247 0.0812542372881
TL5.MC 638 758 46 59 0.779661016949 0.104 7.49674054759 0.0810847457627
TL5.MC 638 758 46 59 0.779661016949 0.106 7.35529261273 0.0826440677966
TL5.MC 638 758 45 59 0.762711864407 0.108 7.06214689266 0.0823728813559
TL5.MC 638 758 45 59 0.762711864407 0.11 6.93374422188 0.0838983050847
TL5.MC 638 758 45 59 0.762711864407 0.112 6.80992736077 0.0854237288136
TL5.MC 638 758 45 59 0.762711864407 0.114 6.69045495094 0.0869491525424
TL5.MC 638 758 44 59 0.745762711864 0.116 6.42898889538 0.0865084745763
TL5.MC 638 758 44 59 0.745762711864 0.118 6.3200229819 0.088
TL5.MC 638 758 44 59 0.745762711864 0.12 6.21468926554 0.0894915254237
TL5.MC 638 758 44 59 0.745762711864 0.122 6.11280911364 0.0909830508475
TL5.MC 638 758 44 59 0.745762711864 0.124 6.01421541826 0.0924745762712
TL5.MC 638 758 44 59 0.745762711864 0.126 5.91875168146 0.0939661016949
TL5.MC 638 758 44 59 0.745762711864 0.128 5.82627118644 0.0954576271186
TL5.MC 638 758 44 59 0.745762711864 0.13 5.73663624511 0.0969491525424
TL5.MC 638 758 44 59 0.745762711864 0.132 5.64971751412 0.0984406779661
TL5.MC 638 758 44 59 0.745762711864 0.134 5.56539337212 0.0999322033898
TL5.MC 638 758 44 59 0.745762711864 0.136 5.48354935194 0.101423728814
TL5.MC 638 758 44 59 0.745762711864 0.138 5.40407762221 0.102915254237
TL5.MC 638 758 44 59 0.745762711864 0.14 5.32687651332 0.104406779661
TL5.MC 638 758 44 59 0.745762711864 0.142 5.25185008355 0.105898305085
TL5.MC 638 758 44 59 0.745762711864 0.144 5.17890772128 0.107389830508
TL5.MC 638 758 44 59 0.745762711864 0.146 5.10796377989 0.108881355932
TL5.MC 638 758 43 59 0.728813559322 0.148 4.92441594137 0.10786440678
TL5.MC 638 758 42 59 0.71186440678 0.15 4.74576271186 0.106779661017
TL5.MC 638 758 41 59 0.694915254237 0.152 4.57181088314 0.105627118644
TL5.MC 638 758 41 59 0.694915254237 0.154 4.51243671583 0.107016949153
TL5.MC 638 758 41 59 0.694915254237 0.156 4.45458496306 0.108406779661
TL5.MC 638 758 41 59 0.694915254237 0.158 4.39819781163 0.109796610169
TL5.MC 638 758 41 59 0.694915254237 0.16 4.34322033898 0.111186440678
TL5.MC 638 758 40 59 0.677966101695 0.162 4.18497593639 0.109830508475
TL5.MC 638 758 40 59 0.677966101695 0.164 4.13393964448 0.111186440678
TL5.MC 638 758 40 59 0.677966101695 0.166 4.08413314274 0.112542372881
TL5.MC 638 758 40 59 0.677966101695 0.168 4.03551251009 0.113898305085
