eb:7b:24:21:6b:00,0,1,5291,5291
ba:27:45:c9:6c:d3,1,3,2300,2301
20:55:31:db:82:30,0,1,2997,2997
f0:27:65:4e:ab:53,0,4,5817,5817
74:59:51:be:31:64,0,1,5283,5283
20:55:31:db:9c:b5,0,1,5285,5285
63:3e:55:26:96:26,0,1,5284,5284
6f:70:05:d9:c2:df,0,1,5289,5289
20:55:01:db:c2:dc,0,1,5263,5263
40:88:05:3a:10:7a,0,1,2967,2967
da:a1:19:39:74:58,0,1,5026,5026
94:39:10:3b:96:39,0,1,3960,3960
ff:ee:79:db:c2:df,0,1,5286,5286
40:88:05:c1:f2:5c,0,1,4150,4150
19:14:f4:df:31:dc,0,1,5043,5043
8a:1d:92:c9:38:36,0,1,5285,5285
f0:27:65:72:67:ce,0,69,6746,7416
20:55:31:db:62:cd,71,2,3002,3073
94:be:36:db:c2:df,0,1,5289,5289
20:55:31:8a:3b:4e,0,1,5290,5290
20:55:31:0b:32:21,0,1,3961,3961
00:08:22:0e:2d:35,0,6,6262,6262
da:fa:37:4d:00:20,0,1,5281,5281
20:55:31:db:c2:bf,3,3,5286,5289
12:e8:6a:b3:83:98,22,10,3418,3440
0e:4e:31:db:f2:d8,0,1,5288,5288
20:a9:0e:23:83:e9,0,9,310,791
16:8f:dd:7e:18:3a,41,28,18,59
57:68:a2:c2:e5:1f,0,1,7429,7429
da:78:b1:6a:df:d4,13,8,573,586
20:7f:f4:04:f7:ed,0,1,5289,5289
20:55:d7:d3:02:de,0,1,5289,5289
b6:c7:e9:02:45:4b,12,5,5274,5286
00:25:47:f4:05:11,0,1,2293,2293
70:5c:3c:db:c2:df,0,1,5288,5288
00:22:f4:2b:2b:31,2,4,6360,6362
3a:a4:f7:7a:47:27,26,5,2560,2586
2c:54:cf:c5:4b:ea,33,22,5713,5746
fe:52:18:13:71:10,0,1,4147,4147
ec:6e:50:65:79:55,0,1,3959,3959
2b:21:0e:7a:f7:dd,0,1,5280,5280
ae:0d:31:5c:7e:bd,8,4,839,847
61:64:70:f1:e4:b7,0,1,5288,5288
20:55:31:db:c2:b7,0,1,2958,2958
74:99:fe:94:5a:48,0,1,3177,3177
20:55:31:17:0d:8f,0,1,5288,5288
f8:8e:85:37:3a:80,0,3,4097,5664
04:35:3b:c8:45:19,0,210,426,7383
0e:2b:12:30:c5:df,0,1,5289,5289
20:55:31:db:42:cc,0,1,5291,5291
20:55:31:2b:79:f3,0,1,5263,5263
20:55:91:f9:33:a4,0,1,5288,5288
dc:53:7c:6b:43:b7,0,1,4279,4279
71:64:76:d9:c2:df,0,1,5283,5283
dc:53:7c:6b:5e:3b,0,1,4298,4298
b0:50:bc:c2:76:94,0,1,3144,3144
ec:3c:42:db:c2:df,0,1,5284,5284
00:00:61:57:00:20,0,1,5287,5287
20:55:31:db:6a:e7,0,1,5286,5286
20:55:31:db:42:5f,0,1,3867,3867
60:fe:1e:81:f1:51,0,132,2794,4815
50:55:27:ab:61:a1,79,328,3004,5907
70:48:6f:17:d1:fb,0,1,5280,5280
20:55:8b:9d:f4:dd,0,1,5287,5287
f8:e0:79:af:49:86,50,31,7406,7456
04:a1:51:65:cf:73,0,7,3930,6103
20:55:31:db:02:c3,0,1,3073,3073
00:e0:4c:b0:ce:fb,7054,1910,0,7484
20:55:31:5b:3b:72,0,1,5287,5287
ce:25:e7:a9:07:ec,0,1,3814,3814
be:d2:dc:b5:8f:da,4,4,4087,4091
40:88:05:31:e1:93,0,1,4058,4058
23:55:31:db:c2:df,0,3,3000,5288
7a:4f:36:d3:be:25,59,14,2677,2736
20:25:29:82:fd:df,0,1,3073,3073
24:a2:6c:fb:b1:5b,0,1,3176,3176
82:8e:cf:d4:be:7f,0,5,43,279
10:ea:5a:bf:1c:6a,0,1,2958,2958
40:88:05:4c:7d:1e,0,1,2521,2521
2a:11:4f:e6:27:5a,66,25,4484,4550
da:a1:19:40:06:31,0,3,5899,5899
20:55:31:db:e2:df,0,1,5287,5287
a2:0c:0e:db:c2:df,0,1,5288,5288
0b:31:02:40:ef:be,0,1,4397,4397
76:44:01:f3:13:91,2,6,7063,7207
95:54:31:db:c2:df,0,1,3176,3176
b8:6c:e8:4e:e2:ba,18,3,6198,6216
40:88:05:b9:21:8b,0,1,4630,4630
40:88:05:f4:6f:10,0,1,2714,2714
b8:f9:5d:70:0e:36,0,1,3961,3961
20:55:6b:f8:c9:8b,0,1,5094,5094
20:55:31:db:c2:4a,0,1,3960,3960
9f:ae:d8:ac:e5:df,0,1,5289,5289
f1:ea:62:c0:cc:51,0,1,3073,3073
20:55:31:db:c2:4f,0,1,2957,2957
4e:76:68:5d:46:a8,0,3,818,1088
c0:08:be:21:fb:6d,0,1,3073,3073
bf:55:31:db:c2:df,0,1,5280,5280
a4:77:33:cc:0c:6e,0,1,3641,3641
80:4e:81:63:34:2f,0,597,78,3127
cf:fb:fa:e9:d0:75,0,1,5284,5284
e8:50:8b:14:eb:38,0,8,464,2320
70:c2:7c:6b:1e:ac,0,1,4300,4300
00:e0:4c:b0:ce:f4,15,361,2951,7455
40:88:05:00:31:d2,0,1,3652,3652
84:8e:df:74:8a:0e,0,61,5103,6787
3e:ed:72:4a:f2:0e,5,3,4631,4636
88:51:31:db:c2:df,0,1,5284,5284
00:30:c8:13:25:20,0,1,5284,5284
45:76:00:34:c5:df,0,1,5284,5284
20:55:09:da:c2:df,27,2,5264,5291
20:55:31:7b:8d:1a,0,1,5289,5289
31:0f:12:64:a9:1b,0,1,5281,5281
dc:7b:d7:ac:33:64,0,1,3866,3866
2e:61:99:e9:9e:e4,121,25,3311,3432
e5:51:24:c8:c2:df,0,1,5283,5283
fe:6e:31:db:c2:df,0,1,3072,3072
f9:f5:a0:db:c2:df,0,1,5285,5285
32:d6:46:dc:11:cc,32,8,2503,2535
03:55:31:db:c2:df,0,1,3002,3002
21:55:31:db:c2:df,1963,6,3865,7252
7a:99:d8:22:7f:a0,0,1,5260,5260
de:7b:5a:fb:b1:fb,0,1,5276,5276
05:ed:cf:5d:29:70,0,1,5285,5285
da:a1:19:33:b2:93,1,3,6519,6520
20:55:31:db:c2:30,0,1,5289,5289
78:40:e4:2c:dd:fc,2530,4,591,4888
14:f4:2a:97:ec:5b,0,1,7120,7120
d5:b5:bb:4b:ef:a8,0,1,4277,4277
da:a1:19:66:8c:67,0,4,5266,5266
20:55:31:db:c2:ef,0,1,5263,5263
00:92:fa:0f:8e:a3,0,1,6816,6816
66:83:3e:db:c2:df,343,2,4943,5286
20:55:31:a8:bc:a8,0,1,5289,5289
e2:d1:29:eb:a6:cf,16,13,5409,5522
20:55:31:0b:e5:b3,0,1,3961,3961
20:01:2d:d2:6f:4e,0,1,5280,5280
60:55:31:db:c2:df,2080,2,5283,7363
20:55:31:db:b2:f8,0,1,5287,5287
1f:87:f9:21:c3:df,0,1,5286,5286
da:a1:19:c6:66:c9,0,5,5839,5839
02:79:4c:dc:84:55,4,4,3861,3865
7c:91:22:1c:fe:ae,19,90,1301,1893
40:88:05:1e:86:f0,0,1,3921,3921
20:15:f4:13:de:b6,0,1,7257,7257
56:90:2d:9a:71:be,0,1,5286,5286
20:55:31:db:c2:cb,0,1,3073,3073
20:55:31:b3:c2:df,0,1,5287,5287
29:ac:6c:ad:3f:df,0,1,3073,3073
88:57:bd:3f:27:16,0,1,3002,3002
20:55:f1:72:5e:ff,0,1,3154,3154
12:ff:8f:0c:3b:f7,31,5,2855,2886
20:55:9c:06:37:dc,0,1,5284,5284
4b:31:bf:0b:58:f8,0,1,3176,3176
20:55:1b:3d:c6:df,0,1,5283,5283
5e:e2:57:c2:4e:29,12,3,2336,2348
2c:20:be:37:05:ac,0,1,4277,4277
ec:1f:72:fe:c5:fe,0,10,780,1821
40:88:05:67:74:15,0,1,2921,2921
35:52:24:c0:cb:df,0,1,5287,5287
aa:6c:83:9d:d6:5f,0,1,5285,5285
3b:0c:fd:c1:c2:df,0,1,3866,3866
da:a1:19:55:fa:d0,1,3,5949,5950
5c:ca:1a:18:51:f4,0,1,6813,6813
20:55:fd:da:c2:df,0,1,5289,5289
e5:71:31:db:c2:df,0,1,3073,3073
1a:cd:c1:86:de:00,1,3,2460,2461
20:55:a9:f0:e4:b7,0,1,5276,5276
6e:be:44:1a:7a:25,25,4,3128,3153
de:e9:1f:4e:fb:9d,0,1,5281,5281
20:55:b1:11:14:17,0,1,5288,5288
6c:b0:ce:c5:be:bc,0,3,3500,4889
92:9a:0c:9b:80:8f,0,1,340,340
33:55:f1:57:6e:cc,0,1,3959,3959
0a:1c:0d:ed:44:ef,5,4,2919,2924
20:55:31:db:42:26,0,1,3866,3866
2c:a6:8a:13:c2:df,0,1,5263,5263
02:53:7c:bb:a9:0f,7,308,99,7361
20:55:31:db:82:b2,0,1,5280,5280
20:55:31:db:24:ef,0,1,5287,5287
20:5d:70:f8:b1:fb,0,1,3867,3867
20:55:1d:e3:af:8b,0,1,5289,5289
58:48:22:47:c8:64,0,73,1573,3752
20:55:31:db:c2:eb,0,1,7251,7251
e0:41:36:be:5a:24,0,12,4010,7270
2e:43:c9:48:0e:2e,94,27,3296,3390
32:ad:93:73:28:73,8,3,7240,7248
b7:60:31:db:c2:df,0,1,5280,5280
20:55:31:8b:1b:17,0,1,5286,5286
9c:8a:8a:ad:d9:ce,0,1,5263,5263
40:88:05:66:14:d5,0,1,3423,3423
e0:41:36:be:5a:23,0,1,7070,7070
fe:a0:0b:17:7b:6c,12,4,2305,2317
5e:57:31:db:c2:df,0,1,7363,7363
db:af:3e:ab:4f:89,0,1,3251,3251
3a:ac:6c:a5:85:d3,0,1,5045,5045
20:55:31:db:c2:06,0,1,3866,3866
6c:0a:87:6e:bc:c8,0,1,5289,5289
e8:8d:28:2a:a6:ab,0,2,7309,7309
20:55:31:db:c2:7f,2,5,3002,5286
20:55:3d:5f:e1:8b,0,1,3176,3176
92:8d:d8:86:fd:df,0,1,5289,5289
ad:d1:5a:f8:c3:df,0,1,5287,5287
68:5d:c2:60:84:09,0,1,3000,3000
20:55:31:1b:c1:df,0,1,5039,5039
69:af:51:65:cf:73,0,1,5042,5042
40:88:05:ce:ff:2e,0,1,4150,4150
12:0d:7f:cd:ae:a4,0,13,2997,7196
58:c2:e1:d3:c2:df,0,1,5287,5287
81:b5:6c:10:57:92,0,1,3214,3214
20:55:31:34:98:dd,0,1,5050,5050
20:55:31:db:f2:cd,0,1,3002,3002
ec:34:97:4b:f7:88,0,1,5281,5281
d0:a0:f4:e9:b8:90,0,1,4147,4147
7a:6e:ea:68:ce:1a,13,3,2756,2769
11:f4:13:ce:31:84,0,1,5285,5285
5a:cf:60:6b:01:91,46,10,2441,2487
02:53:54:2b:2f:04,0,20,587,794
20:55:31:17:d3:c5,0,1,5048,5048
20:b5:86:1e:2d:25,0,1,5291,5291
20:55:31:db:c2:0f,0,1,5038,5038
20:55:31:db:be:d7,0,1,5283,5283
20:55:31:db:c2:75,0,1,5281,5281
20:f5:c8:56:ae:7b,0,1,5289,5289
20:55:31:db:c2:0b,0,1,5285,5285
2b:f8:35:db:c2:df,0,1,3866,3866
86:b9:cf:cd:83:5d,0,1,5285,5285
da:26:b3:6f:09:c3,0,1,3866,3866
20:fd:b7:f8:23:5b,0,1,5286,5286
20:d5:c8:75:a9:ac,0,1,5283,5283
26:60:05:66:d6:3e,61,6,1635,1696
20:55:31:af:4f:23,0,1,3073,3073
40:88:05:5b:f4:25,0,1,3469,3469
da:a1:19:01:80:ff,0,4,5176,5176
69:6a:11:d7:4e:d3,0,1,2958,2958
0a:13:e7:d4:c2:df,0,1,5260,5260
ce:56:6d:62:c0:a1,13,5,560,573
a9:78:cd:9f:70:5d,0,1,3176,3176
38:d8:2f:20:d9:2c,0,1,5067,5067
9e:18:fe:30:6a:0f,0,41,2309,2480
50:f0:d3:bd:2e:d9,1,9,7279,7437
c6:74:85:dd:31:64,0,1,5051,5051
20:55:31:db:3a:82,0,1,5284,5284
61:00:fd:32:a0:a1,0,1,5289,5289
0e:4d:f4:db:9a:6e,30,8,1674,1704
32:6f:91:af:0f:2f,4,4,6841,6845
8c:99:e6:01:75:72,0,3,6013,6013
20:55:b1:d1:0f:32,0,1,5283,5283
65:55:31:db:c2:df,0,1,5289,5289
dc:35:fe:6f:1e:ac,0,1,4154,4154
8c:99:e6:01:81:0f,0,2,7070,7070
20:55:31:8b:9f:43,0,1,3462,3462
1e:39:55:ee:45:4c,82,2,414,496
ee:22:be:32:35:84,51,17,496,547
15:57:51:55:08:91,0,1,5288,5288
4c:9e:2d:4e:1a:ef,0,1,5044,5044
da:a1:19:68:b1:8d,0,2,5506,5506
f0:69:27:ac:c7:df,0,1,3154,3154
a2:a8:47:a9:b2:c1,154,23,31,185
20:55:31:db:c2:6b,0,1,5287,5287
18:94:fd:39:31:64,0,1,5284,5284
20:55:31:db:bc:e0,0,1,5283,5283
40:88:05:b3:63:15,0,1,4104,4104
16:12:59:ff:63:45,0,1,3176,3176
92:84:39:7c:30:31,0,1,5286,5286
1c:bd:9e:51:1b:05,0,1,5287,5287
3a:4e:b1:3d:0a:be,5,3,1403,1408
73:24:eb:dd:c2:df,0,1,3867,3867
16:67:76:b3:5a:00,0,1,5280,5280
b8:76:7a:33:85:5d,0,1,5285,5285
c8:52:24:a8:bc:fc,0,1,2958,2958
40:88:05:91:43:ad,0,1,4058,4058
9b:53:c2:55:96:df,0,1,5280,5280
5e:57:23:ff:76:99,0,1,3867,3867
19:99:8a:30:05:63,0,1,5291,5291
64:89:9a:88:c4:06,6,183,6374,7418
00:18:82:97:d3:0f,4,7,5723,5727
cf:4f:c8:86:e1:df,0,1,3867,3867
20:55:31:3b:b5:a8,0,1,5055,5055
64:bc:0c:27:d0:75,0,4,7215,7373
de:a8:b5:c8:88:81,4,2,5574,5578
20:f5:c8:ce:f1:10,0,1,5285,5285
da:a1:19:68:ce:8c,0,4,5566,5566
a4:50:b0:a2:a2:1e,0,1,4269,4269
4c:74:03:67:11:6c,0,6,5487,7098
5e:82:f9:c9:b1:df,0,1,3176,3176
20:95:50:a5:b5:88,0,1,5288,5288
20:55:36:db:ca:ac,0,1,5291,5291
40:88:05:c8:76:de,0,1,3196,3196
20:55:e6:94:5a:bc,0,1,3866,3866
56:5a:e5:25:5d:5c,0,1,4147,4147
20:55:31:db:fa:7e,0,1,5263,5263
da:a1:19:37:33:9e,0,4,5269,5269
d7:a9:df:a1:55:02,0,1,5289,5289
84:b1:53:bd:17:53,13,3,6002,6015
e5:69:70:1e:5e:ed,0,1,5276,5276
40:88:05:2e:dc:0b,0,1,3059,3059
32:55:31:db:c2:df,0,1,5276,5276
dc:53:7c:bb:5a:e2,0,1,5957,5957
0a:d3:df:e7:63:bb,5,5,5625,5630
20:55:31:db:c2:b3,0,1,4940,4940
67:17:24:c8:96:13,0,1,3866,3866
88:49:08:e9:83:5c,0,1,5283,5283
da:a1:19:63:33:9b,0,3,5116,5116
cf:bb:25:68:ba:c4,0,1,5284,5284
48:5a:3f:66:a5:a8,0,165,42,3741
20:55:31:7b:b5:b5,0,1,5289,5289
29:55:31:db:c2:df,3,2,5286,5289
18:3a:2d:b7:00:f8,0,4,4976,4976
20:99:a0:d9:02:97,0,1,5289,5289
48:13:7e:80:70:56,26,609,5303,7461
ff:50:24:3d:b5:f2,0,1,4943,4943
0a:33:bc:e3:25:da,0,1,4973,4973
20:b5:eb:c7:cb:72,0,1,5286,5286
9f:de:90:ca:d4:cc,0,1,3176,3176
20:55:31:db:c2:3f,0,1,5042,5042
b9:76:22:cf:0a:c5,0,1,5283,5283
20:55:31:db:02:d6,0,1,5262,5262
70:17:c2:60:89:d0,0,1,3072,3072
a2:01:fd:f1:c4:df,0,1,5291,5291
39:c8:12:2f:7b:e9,0,1,3213,3213
cb:52:d1:db:c2:df,0,1,7251,7251
ea:61:cd:1a:90:0f,4,2,4995,4999
8e:73:84:8b:a1:1d,5,2,1087,1092
20:55:31:1b:d1:63,0,1,3154,3154
20:15:5a:bf:0c:30,0,1,2957,2957
20:55:42:d9:c2:5f,0,1,5285,5285
31:55:31:db:c2:df,0,1,5276,5276
64:89:9a:83:83:eb,0,142,1049,5748
20:55:31:db:b1:8b,0,1,7250,7250
20:55:31:db:02:d3,0,1,5033,5033
94:13:07:db:c2:df,0,1,3073,3073
58:48:22:47:40:51,0,73,5136,6744
bf:85:be:8f:5a:00,0,1,5286,5286
c2:25:92:e5:74:0c,5,4,188,193
e6:27:fc:6c:04:b7,32,10,511,543
24:96:cd:f5:d9:df,0,1,5286,5286
66:af:fa:c7:cb:75,0,1,5112,5112
03:40:38:06:eb:d1,0,1,5287,5287
8e:a6:7a:35:bc:a7,12,4,123,135
34:64:0e:9a:b4:22,0,1,5263,5263
20:55:31:db:42:df,0,1,5284,5284
67:c0:f4:d2:3f:87,0,1,5281,5281
20:55:31:73:f0:44,0,1,5286,5286
00:00:9c:38:00:20,0,1,3176,3176
20:55:91:43:62:bd,0,1,4842,4842
b1:25:3f:25:cb:df,0,1,7474,7474
20:55:d7:c8:c2:df,0,1,5280,5280
22:55:31:db:c2:df,0,1,2958,2958
d0:bb:b7:9d:92:a7,0,1,5283,5283
b4:9d:0b:42:34:0e,0,72,1163,2623
d9:5c:31:db:c2:df,0,1,5222,5222
20:d5:bb:a2:e1:de,0,1,5291,5291
80:13:82:a5:81:f5,11,14,909,3136
3e:25:60:50:f0:2a,30,10,2300,2330
57:90:7d:fe:76:99,0,1,5286,5286
e4:25:e7:59:d8:a7,0,1,4022,4022
20:55:31:2b:1c:1a,0,1,5286,5286
20:55:31:db:c2:37,0,3,3176,5289
bc:83:be:8f:0e:c5,0,1,5286,5286
20:55:31:db:c2:77,0,1,5286,5286
20:55:31:db:62:c5,0,1,7250,7250
a4:83:b9:d2:c2:df,0,1,3073,3073
20:55:31:fa:c2:df,0,1,2958,2958
20:55:31:db:c2:39,1301,2,3962,5263
9b:13:87:da:c2:df,0,1,5281,5281
00:9e:35:23:9f:50,0,1,5281,5281
19:ea:46:2e:c1:df,0,1,5276,5276
6e:90:79:33:e5:13,0,1,5288,5288
52:c6:9c:e5:09:a3,12,2,89,101
5c:70:a3:67:cf:9c,0,68,50,197
20:55:31:db:3e:51,0,1,5287,5287
60:20:50:9a:15:33,0,1,3866,3866
40:88:05:3e:f0:a2,0,1,3377,3377
20:55:31:db:c2:ac,0,1,3000,3000
20:55:31:db:c2:ab,0,1,5087,5087
da:a1:19:99:5b:23,1,3,5979,5980
48:a2:2d:46:72:75,544,2,4003,4547
20:55:31:db:c2:af,0,1,5276,5276
fa:49:08:da:82:95,0,1,5283,5283
da:a1:19:98:d1:74,0,5,5779,5779
40:88:05:e9:97:ff,0,1,3561,3561
e8:ef:07:21:af:df,0,1,5263,5263
20:55:31:1b:03:f3,0,1,7249,7249
20:55:42:8f:14:97,0,1,5289,5289
d4:ee:27:91:aa:52,0,1,3176,3176
fe:65:8e:10:c2:bf,0,1,3000,3000
a0:6c:ac:1e:9b:43,0,1,5276,5276
e4:25:e7:29:56:dd,0,1,3779,3779
ce:1b:63:dd:e5:0f,0,1,598,598
20:55:31:8b:f3:9e,0,1,2980,2980
fb:f5:a9:9e:27:bd,0,1,7251,7251
50:d7:c8:db:c2:df,0,1,5287,5287
20:55:31:db:31:f1,0,1,5055,5055
40:88:05:36:e4:15,0,1,3469,3469
3c:6c:73:e4:5a:ea,0,1,3866,3866
62:3e:55:da:c2:df,0,1,3073,3073
fe:92:63:64:cc:01,0,82,791,7412
9f:86:37:db:c2:df,0,1,5286,5286
20:55:de:d5:c2:df,0,1,7363,7363
67:55:31:db:c2:df,0,1,5288,5288
da:a1:19:8c:cd:93,0,4,5206,5206
5c:35:3b:c8:45:17,141,168,429,7292
9c:3e:12:06:8a:df,0,1,5289,5289
d4:fb:2b:d2:c2:df,0,1,5288,5288
3a:cc:12:db:c2:df,0,1,5222,5222
20:55:31:1b:90:1a,0,1,5259,5259
fd:90:0b:17:23:82,0,1,2957,2957
20:55:31:db:3e:99,0,1,5280,5280
3a:54:31:db:c2:df,0,1,5287,5287
57:22:30:db:c2:df,0,1,5289,5289
40:88:05:f8:05:b5,0,1,2921,2921
d1:93:e7:13:50:ef,0,1,3866,3866
15:e7:30:db:c2:df,0,1,5289,5289
d3:ee:8f:90:92:ee,0,1,5291,5291
0e:f5:67:51:09:0b,13,3,2499,2512
14:31:87:ee:70:e9,0,1,5291,5291
16:47:fd:c8:c2:df,0,1,5288,5288
57:ea:d2:5f:08:91,0,1,3865,3865
fe:da:4e:33:97:25,75,16,2105,2180
70:76:42:3f:8a:b7,0,1,5287,5287
20:55:31:17:93:ca,0,1,2963,2963
40:88:05:65:26:a1,0,1,3377,3377
70:d9:d7:93:c0:df,0,1,5276,5276
20:55:99:c4:c2:df,0,1,5283,5283
20:55:31:bb:6c:ea,0,1,5280,5280
74:43:36:db:c2:df,0,1,5285,5285
20:55:31:eb:3a:02,0,1,5263,5263
b0:8a:8a:ed:85:e9,0,1,5283,5283
0c:d6:bd:94:5a:90,59,102,197,6364
da:a1:19:82:ab:5d,1,4,6579,6580
12:81:b7:f4:17:67,13,8,718,731
1c:8e:5c:dd:b0:00,238,69,2296,2534
00:4f:78:01:a5:fe,2,4,4427,4429
40:88:05:6d:e4:13,0,1,2760,2760
da:a1:19:33:99:33,0,4,5236,5236
30:a8:db:87:46:ea,25,12,1151,1176
dc:53:7c:b5:db:d0,0,1,4175,4175
a0:9f:cd:7c:83:da,0,1,5281,5281
40:b0:fa:be:d4:7c,0,1,7165,7165
13:55:31:db:c2:df,0,1,5289,5289
da:a1:19:cc:c9:4c,0,4,5716,5716
d3:ee:a9:f8:96:8d,0,1,5286,5286
da:a1:19:d1:63:e4,30,8,5446,5476
8e:17:a7:6d:a7:6a,5,2,5594,5599
da:a1:19:aa:2d:95,0,3,5656,5656
44:8e:31:db:c2:df,0,1,5289,5289
86:5f:2f:a1:63:4a,0,2,5347,5347
bd:9f:e7:13:de:7e,0,1,3000,3000
0a:42:5b:7d:78:2e,61,5,3933,3994
00:08:22:36:8d:00,16,29,5072,5555
04:a1:51:65:cf:23,0,1,5819,5819
20:15:c2:60:a9:31,0,1,5280,5280
27:5c:d7:ac:fb:8a,0,1,3176,3176
60:b2:38:bc:c8:bc,0,1,5290,5290
24:55:31:db:c2:df,0,1,3953,3953
20:55:99:39:c5:df,0,1,3176,3176
20:55:41:1e:fe:47,0,1,5289,5289
40:88:05:bc:24:8e,0,1,3105,3105
7e:60:8c:10:de:2a,0,1,3073,3073
15:e7:70:7e:7a:a1,0,1,3073,3073
20:55:31:db:aa:52,0,1,4943,4943
eb:2b:61:da:c2:df,0,1,3073,3073
ca:ce:39:96:3c:ec,0,4,2715,2760
da:a1:19:01:8a:57,1,4,6159,6160
be:37:b4:92:e6:1d,4,4,673,677
da:a1:19:39:03:e7,1,4,5342,5343
20:55:31:db:c2:df,0,5448,135,7472
40:88:05:cf:97:f1,120,233,2364,3873
79:31:02:8a:6e:0d,0,1,5957,5957
3c:72:31:db:c2:df,0,1,5281,5281
da:a1:19:6e:ea:57,31,7,6009,6040
dc:53:7c:6b:9e:95,0,1,4300,4300
6a:3d:b5:dd:c2:df,0,1,2958,2958
b9:70:31:db:c2:df,0,1,5281,5281
20:72:03:34:18:df,0,1,5288,5288
57:a8:31:db:c2:df,0,1,3960,3960
24:c9:71:59:c6:2c,0,1,5286,5286
2b:4e:9f:ac:a6:14,0,1,5042,5042
33:55:31:db:c2:df,0,1,5289,5289
00:3e:c5:20:9f:bb,0,1,5261,5261
84:55:a5:fd:ad:cc,0,23,5654,6845
2d:12:db:dc:c2:df,0,1,5285,5285
20:55:01:dc:c2:df,0,1,2958,2958
f4:09:d8:d2:7d:22,0,125,286,3672
20:25:73:2a:a8:bb,0,1,5284,5284
65:cb:a3:2d:5c:0d,0,1,4175,4175
ba:e9:76:92:aa:5e,135,13,1487,2255
df:7b:90:da:c2:df,0,1,5289,5289
c0:55:31:db:c2:df,0,1,3073,3073
a4:1f:a9:f8:f6:d3,0,1,5285,5285
fe:24:96:4b:09:a0,0,1,4613,4613
dc:53:1c:7d:a1:47,0,1,4277,4277
32:4f:68:64:79:54,0,1,5043,5043
fa:55:31:db:c2:df,0,1,5286,5286
c0:bd:d1:fe:cb:5a,6,85,1104,2580
20:55:31:5b:c8:df,0,1,4940,4940
94:0c:6d:af:6b:86,0,3,5532,5842
20:55:31:3d:b5:52,0,1,5264,5264
20:55:61:1e:5e:8f,0,1,4971,4971
40:88:05:ea:52:bc,0,1,3561,3561
60:3d:bc:43:c2:df,0,1,5054,5054
dd:55:31:db:c2:df,0,1,2958,2958
e4:25:e7:a9:63:0f,0,1,3813,3813
a9:0c:12:17:de:4e,0,1,5283,5283
20:55:31:db:cf:51,0,1,3002,3002
20:55:e1:d4:c2:df,3,2,5285,5288
4b:5c:d7:06:d7:ee,0,1,4942,4942
20:55:31:9c:80:b4,0,1,5281,5281
b8:bc:1b:7e:9c:8c,0,1,4387,4387
dc:54:7c:6b:1e:ac,0,1,4278,4278
5b:28:83:df:c2:df,0,1,5285,5285
cb:c4:29:82:fd:cd,0,1,5288,5288
0e:6d:91:be:1b:7d,0,1,5291,5291
86:22:cc:60:56:93,0,1,3176,3176
42:57:31:db:c2:df,0,1,3000,3000
f0:d1:a9:7b:46:23,4,167,6137,7399
9a:0e:38:75:10:3b,5,3,4266,4271
04:a1:51:65:cf:bb,0,1,5819,5819
3e:c6:c0:52:17:7a,4,3,4813,4817
27:55:31:db:c2:df,0,1,5284,5284
26:b3:dc:3c:72:b2,33,8,1619,1652
da:a1:19:f8:1b:6f,0,4,5809,5809
23:55:31:db:5a:5c,0,1,5281,5281
20:55:31:25:06:63,0,1,5283,5283
da:a1:19:3f:fe:f8,0,4,6549,6549
20:57:83:ba:8f:cf,0,1,3866,3866
4c:74:03:11:42:56,1,20,4608,5627
5e:d2:33:f0:53:98,4,3,378,382
e8:af:30:db:c2:df,0,1,3867,3867
da:a1:19:33:99:99,0,5,5416,5416
1c:7b:21:b8:7a:55,262,146,1155,7061
40:88:05:8a:6f:69,0,1,3515,3515
72:64:30:db:c2:df,0,1,3865,3865
20:55:f1:27:ec:d0,0,1,5284,5284
9c:14:4e:a1:b0:df,0,1,5289,5289
da:a1:19:70:88:b8,1,3,6219,6220
40:88:05:42:b9:21,0,1,3105,3105
22:f9:bc:40:1a:87,5,2,1355,1360
9a:e2:ab:12:96:42,33,10,825,858
16:b4:dd:a2:51:90,5,3,4067,4072
da:a1:19:ac:d1:8c,1,4,6099,6100
20:55:31:a3:15:30,0,1,5285,5285
20:55:39:db:c2:df,0,1,7251,7251
2e:e7:5d:7f:84:5d,0,1,5055,5055
20:55:b1:b1:06:33,0,1,5287,5287
88:f4:cf:3d:95:c5,0,8,3154,3485
80:4a:0e:db:c2:df,0,1,5286,5286
e0:be:96:d6:c2:df,0,1,5284,5284
10:0d:7f:cd:ae:a3,0,17,4010,7134
06:8e:0e:bb:62:3d,5,3,1999,2004
20:55:e1:2e:ec:1d,0,1,7474,7474
7d:82:77:6d:84:6f,0,1,2998,2998
50:68:0a:96:85:e1,0,13,6501,7465
ac:cf:85:c3:07:5a,101,36,11,112
6a:cc:12:28:6c:de,0,1,3953,3953
48:13:7e:8c:83:b2,0,97,2713,3707
00:24:1d:d5:90:2a,0,6,3580,4928
f4:f2:6d:40:15:c4,58,253,473,7466
16:23:3e:19:13:3c,38,15,2585,2623
fe:92:63:64:cc:21,0,1,4145,4145
20:d5:fb:5d:3b:02,0,1,2957,2957
20:55:31:db:c2:6d,0,1,2998,2998
20:e8:46:26:c2:df,0,1,3176,3176
2c:8a:72:bb:02:0f,50,11,1079,1129
10:08:c1:9b:01:50,0,3,6341,6813
45:d8:1d:db:c2:bf,0,1,5346,5346
20:55:71:64:89:1d,0,1,5284,5284
dd:e3:a0:02:1a:ed,0,1,5264,5264
20:55:d7:df:9f:69,0,1,5054,5054
ac:5f:3e:d7:72:d6,0,27,4972,6160
0a:b8:39:bf:f4:78,13,3,2540,2553
dc:53:7c:6b:1e:ae,0,4,4198,7115
20:55:31:d8:c2:df,0,1,5346,5346
32:cf:55:95:3e:8b,0,1,2580,2580
30:75:12:17:cb:cc,21,49,2732,3575
44:56:31:db:c2:df,0,1,5289,5289
dc:53:7c:6b:1e:ac,24,73,3017,4301
ec:64:30:db:c2:df,0,1,5286,5286
e2:0b:12:64:b5:1a,0,1,5346,5346
8d:64:76:55:cb:0d,0,1,5264,5264
e0:a3:ac:8e:5d:9a,0,45,1798,3988
1e:8f:91:5f:35:27,16,7,301,317
a6:c0:37:85:82:45,13,4,2485,2498
bf:75:70:1e:0a:25,0,1,5286,5286
ff:9d:cb:da:c2:df,0,1,5284,5284
67:fd:53:f8:d9:df,0,1,5052,5052
20:81:f7:c7:6b:cd,0,1,5286,5286
d9:86:4a:0c:57:95,0,1,5291,5291
70:2a:a6:7a:c8:c8,0,1,5285,5285
cc:5c:c2:76:84:09,0,1,5285,5285
20:55:91:f9:b1:21,0,1,2957,2957
a2:f1:5b:e0:56:24,38,12,2575,2613
56:1a:a9:04:9f:60,0,1,3867,3867
20:55:31:db:24:d7,0,1,5264,5264
dc:53:d4:a1:6e:22,0,1,4277,4277
a0:13:d7:db:c2:df,0,1,5289,5289
5e:82:f9:c7:c2:df,0,1,5286,5286
42:71:5d:ea:97:03,0,1,5052,5052
ae:01:e8:47:92:de,0,1,5287,5287
20:f5:f5:c7:cb:df,0,1,5039,5039
30:a8:db:33:c4:b7,28,14,6737,7373
ce:35:40:77:14:a0,0,192,0,7333
20:55:a9:ac:e8:17,0,1,5286,5286
e3:a9:9f:4a:c2:dd,0,1,3867,3867
da:a1:19:00:c0:ff,1,4,6549,6550
40:88:05:ba:90:fa,0,1,2967,2967
1e:40:96:15:24:78,0,1,5031,5031
20:55:19:db:c2:df,0,1,5286,5286
81:4a:31:cb:c2:df,0,1,3440,3440
34:9e:50:65:cf:73,0,1,5855,5855
20:55:a9:f8:63:3d,0,1,5289,5289
20:55:61:82:de:16,0,1,3002,3002
f3:53:31:db:c2:df,0,1,5281,5281
e5:a9:31:db:c2:df,0,1,5042,5042
f8:95:c7:a5:66:98,23,19,16,198
03:a9:27:28:c3:df,0,1,5286,5286
b6:e5:f6:4c:67:8e,145,47,1242,1387
dc:13:a3:36:c9:17,0,1,4197,4197
00:08:e9:eb:28:0a,380,124,7098,7478
0a:de:42:ff:76:99,0,1,5289,5289
10:ea:aa:7e:a0:51,0,1,5285,5285
4b:31:38:db:c2:df,0,1,5290,5290
20:55:31:5b:1d:5a,0,1,7422,7422
da:a1:19:af:d0:80,1,4,6399,6400
11:48:7e:d6:1d:64,0,1,7473,7473
20:55:31:fb:a0:9d,0,1,5289,5289
c8:22:f4:67:07:a3,0,1,5264,5264
f2:03:5d:03:fe:35,14,6,5291,5305
20:26:15:ef:0e:30,0,1,7257,7257
20:55:31:40:bc:70,0,1,3960,3960
ea:53:31:db:c2:df,0,1,3865,3865
e0:51:62:87:5c:45,0,1,5288,5288
80:60:83:a5:c2:df,0,1,5283,5283
20:dd:c8:d2:c2:df,0,1,5283,5283
a0:6c:03:3c:c2:df,0,1,5290,5290
44:30:e6:d4:c2:df,0,1,3960,3960
73:56:d7:ac:c3:df,0,1,3002,3002
a0:01:fd:20:9f:64,0,1,5291,5291
12:6d:eb:e7:b9:3f,5,4,542,547
40:88:05:d7:89:f3,0,1,2429,2429
80:22:14:8f:4f:55,0,1,5289,5289
ce:35:40:77:14:af,0,160,44,7381
a0:df:08:17:b5:b2,0,1,5283,5283
40:88:05:7e:54:be,0,1,3013,3013
da:a1:19:4c:88:22,1,4,6279,6280
20:55:31:34:c6:52,0,1,5288,5288
62:7a:8b:61:23:ab,0,1,5046,5046
20:55:31:9b:12:be,0,1,2958,2958
ce:53:7c:6b:1e:ac,0,1,4277,4277
dc:53:2c:e6:ab:0c,0,1,4150,4150
7a:e3:a4:b5:7d:c2,5,3,2612,2617
20:65:76:c8:58:00,0,1,3866,3866
5e:42:c8:b7:29:26,0,1,7474,7474
ec:a6:11:3d:9f:8d,0,1,5284,5284
3a:bc:36:db:c2:df,0,1,5283,5283
68:76:4f:35:68:f7,61,3,7408,7469
88:6d:70:1e:7e:4e,0,1,7251,7251
20:55:31:db:36:ac,0,1,5287,5287
20:55:41:ff:76:99,0,1,5284,5284
20:55:31:db:c2:9b,0,1,5291,5291
4f:d8:c9:46:cb:8d,0,1,5281,5281
fc:98:5e:6a:1e:ac,0,1,4279,4279
20:55:31:db:c2:9f,1,4,3154,5285
d0:fb:bc:df:c2:df,0,1,5285,5285
dc:53:7c:bb:a9:4c,0,1,4263,4263
06:18:23:69:fd:c7,0,13,7084,7442
00:00:2a:29:00:20,0,1,3000,3000
cf:77:7a:db:c2:df,0,1,3154,3154
35:c2:ac:f7:11:20,0,1,5289,5289
6c:05:c0:60:20:a8,0,1,5281,5281
20:55:71:ee:f0:df,0,1,5263,5263
fa:c3:3c:dd:02:32,0,71,1202,2267
0a:1f:29:2e:1f:00,0,1,3866,3866
21:55:31:db:24:df,0,1,5289,5289
b4:30:61:52:6e:e0,0,1,5291,5291
3e:f3:e8:3d:e2:2c,4,2,4450,4454
02:53:7c:6b:1e:af,0,1,7462,7462
ed:13:31:db:c2:df,0,1,3073,3073
1c:7b:21:98:54:02,0,1,3797,3797
20:fd:09:c9:24:ef,0,1,5289,5289
f0:1d:59:db:c2:df,0,1,5284,5284
b0:76:80:76:53:2a,0,1,5290,5290
20:49:31:db:c2:df,0,1,5283,5283
8c:96:d0:fa:03:ac,0,1,4283,4283
20:55:31:db:c2:91,0,1,3073,3073
40:88:05:ee:63:cd,0,1,3652,3652
40:b8:37:14:92:63,0,3,7218,7218
02:28:76:db:c2:df,0,1,5290,5290
20:35:ef:fe:fa:de,0,1,5263,5263
20:55:31:5b:88:7b,0,1,5285,5285
20:15:30:db:82:47,0,1,3073,3073
5c:12:f4:34:d8:ac,0,1,5288,5288
20:55:31:6f:5b:86,0,1,5287,5287
20:55:31:db:36:a8,0,1,5288,5288
20:55:31:db:6f:4e,2203,2,3073,5276
40:88:05:65:cd:37,0,1,2475,2475
20:55:31:eb:d7:f8,0,1,2957,2957
de:1e:62:1d:d5:d9,4,3,623,627
bc:7f:77:cd:49:b3,0,1,7251,7251
92:2b:31:db:c2:df,0,1,2997,2997
be:86:01:d4:38:8c,0,1,5283,5283
4b:96:38:99:2d:db,0,1,5281,5281
20:55:31:bb:4c:5b,0,1,5043,5043
20:d5:08:17:c5:df,0,1,5291,5291
20:55:71:8b:2d:c5,0,1,5291,5291
74:71:31:db:c2:df,0,1,5288,5288
18:54:31:db:c2:df,0,1,3953,3953
20:02:af:b1:81:11,0,2,361,361
02:35:3b:c8:45:18,0,182,462,7473
aa:6c:30:db:c2:df,0,1,5263,5263
f8:e0:79:3a:0f:18,0,117,454,2349
20:15:e7:d4:c2:df,0,1,5346,5346
50:4f:68:e4:96:b9,0,1,3176,3176
fe:92:63:64:cc:a9,0,1,4145,4145
20:55:31:17:c3:c3,0,1,5286,5286
81:4a:31:db:c2:df,0,1,5261,5261
56:03:6a:74:c3:0d,5,7,362,367
20:cd:12:7a:b5:08,0,1,5287,5287
20:55:31:5b:cb:df,0,1,5286,5286
40:88:05:a6:0e:78,0,1,3966,3966
34:14:5f:c1:13:bb,0,1,4115,4115
16:62:b2:f0:53:a7,13,4,637,650
60:30:00:dc:c2:df,0,1,5287,5287
da:a1:19:55:15:54,0,3,5626,5626
cc:35:40:77:14:ae,0,124,85,7481
00:00:5e:7c:00:20,0,1,7251,7251
4c:74:03:f3:7a:8b,0,1,1740,1740
0a:55:31:db:c2:df,0,1,5290,5290
9b:4b:30:db:c2:df,0,1,5286,5286
b8:ba:eb:47:e8:9e,0,1,5263,5263
20:25:b5:dd:c2:df,0,1,3867,3867
9f:90:38:db:c2:df,0,1,7363,7363
da:a1:19:55:16:b5,0,4,5686,5686
40:88:05:4c:b4:1e,0,1,3150,3150
20:55:01:e4:f0:df,0,1,5280,5280
20:55:7d:db:c2:df,0,1,2998,2998
20:19:47:f6:24:f8,0,1,5263,5263
d7:fb:13:30:c5:df,0,1,3962,3962
b4:52:7e:7f:43:7c,125,13,5389,5893
da:a1:19:3f:0b:a5,0,4,5397,5397
60:e7:01:5e:45:eb,0,12,6598,6655
dc:79:9a:36:02:35,0,1,4300,4300
40:88:05:06:6e:9f,0,1,2475,2475
03:1e:e6:d4:c2:df,0,1,5285,5285
ed:3a:55:6a:a0:5d,0,1,5284,5284
57:1c:51:d5:c2:7f,0,1,5287,5287
82:c9:61:32:ea:e9,0,1,7252,7252
dd:79:f0:54:12:a4,0,1,5280,5280
df:9d:22:db:c2:df,0,1,5283,5283
ba:8a:20:db:c2:df,0,1,5276,5276
ab:d2:61:f8:3f:17,0,1,2997,2997
ac:41:9e:4a:4f:f5,0,1,5046,5046
60:02:b4:88:21:5a,4,31,4426,6819
d9:c4:08:09:53:9a,0,1,5281,5281
dc:53:ec:bb:a9:cc,0,1,4150,4150
40:88:05:f1:59:c3,0,1,3606,3606
d4:37:d7:11:9c:3b,30,65,7094,7480
da:c4:7c:fe:c2:df,0,1,5291,5291
bf:c4:74:1e:c6:2c,0,1,7250,7250
e4:25:e7:a9:63:ef,0,1491,13,7449
f8:01:13:35:1b:57,0,22,1094,1762
67:63:76:99:01:23,0,1,2958,2958
f4:6e:ba:30:b5:b2,0,1,2958,2958
00:00:59:57:00:20,0,1,5287,5287
78:d7:b7:ac:6f:4e,0,1,5284,5284
b1:05:a8:db:c2:df,0,1,7252,7252
49:56:31:db:c2:df,0,1,2997,2997
38:94:96:3b:8d:32,58,461,1254,3824
15:e7:c8:d2:57:d2,0,1,3073,3073
da:a1:19:31:99:cd,0,2,5056,5056
da:a1:19:2b:db:20,0,3,5749,5749
e3:da:35:fa:1b:7f,0,1,5289,5289
20:55:31:34:38:76,0,1,5289,5289
20:15:34:db:c2:df,0,1,5280,5280
dd:53:7c:6b:1e:ac,0,1,4279,4279
34:0a:ff:96:73:c6,0,5,634,693
18:3a:2d:13:19:bf,0,25,6271,7427
4b:15:d1:0c:37:64,0,1,3176,3176
00:00:91:61:00:20,0,1,5371,5371
1c:7b:21:82:8c:c6,30,365,540,3041
66:d7:c8:06:e7:f9,0,1,3327,3327
40:88:05:c9:b0:1a,0,1,3921,3921
9b:2b:a6:f1:49:a6,0,1,5287,5287
4c:74:03:6b:86:d7,1,35,3009,3010
92:4e:31:db:42:de,0,1,3073,3073
5e:12:73:e4:62:ea,0,1,5287,5287
da:a1:19:14:dd:15,0,8,5086,5949
66:96:b5:22:1f:82,0,1,5263,5263
4e:76:65:1a:84:4a,30,10,2690,2720
00:00:8e:56:00:20,0,1,5287,5287
20:55:31:db:cb:cd,0,1,3073,3073
dc:53:7c:bb:a9:0e,369,283,336,7471
20:55:31:db:22:d8,0,1,5285,5285
dc:53:7c:bb:a9:0c,498,61,4090,6471
aa:3d:f4:aa:2a:8c,4,3,1798,1802
50:f0:d3:eb:2e:ee,0,10,2195,2517
20:cd:32:db:b1:a5,0,1,5263,5263
a0:b4:a5:fc:ee:dd,0,11,253,1795
89:39:95:39:96:dd,0,1,5059,5059
e0:39:15:d9:c2:df,0,1,5281,5281
20:d5:f2:eb:b1:7b,0,1,3960,3960
20:55:31:26:90:d6,0,1,5289,5289
20:55:11:db:c2:df,0,1,5281,5281
f9:1d:72:f1:98:7e,0,1,5291,5291
1c:7b:21:82:cf:af,0,145,828,1820
20:55:31:bb:8c:1a,0,1,7252,7252
ff:dd:cb:7a:3b:62,0,1,5276,5276
20:55:31:db:c2:5f,231,2,5054,5285
20:55:4c:51:11:02,0,1,3073,3073
20:55:31:5b:44:26,0,1,3866,3866
87:37:41:6b:79:62,0,1,5291,5291
76:f5:95:3a:e0:5e,5,5,2498,2503
20:55:41:df:c2:df,0,1,3867,3867
71:26:15:db:c2:df,0,1,7250,7250
a0:9f:a7:76:d3:df,0,1,5288,5288
9b:4a:15:db:c2:df,0,1,7257,7257
52:19:b6:dd:1b:30,4,4,2620,2624
c5:1d:74:31:c5:df,0,1,3866,3866
29:47:a5:0b:cd:df,0,1,5262,5262
04:bd:96:39:8a:e7,0,1,5263,5263
40:88:05:af:f3:a3,0,1,2622,2622
20:55:f1:27:2c:25,0,1,5285,5285
20:55:31:5b:3b:82,0,1,3867,3867
9a:cc:4e:fc:a9:96,145,33,4020,4165
40:88:05:6a:d2:3c,0,1,3515,3515
20:55:31:bb:4c:0f,0,1,5043,5043
7e:e4:f0:31:4d:f5,13,5,1508,1521
ec:1f:72:0e:f5:74,0,1,7482,7482
20:55:31:db:a2:21,0,1,5285,5285
a4:53:31:db:10:60,0,1,5286,5286
c6:9d:35:db:c2:df,0,1,5285,5285
84:8e:df:94:10:9c,7,16,5587,5594
20:55:22:82:4f:eb,0,1,5288,5288
da:a1:19:e8:0a:56,1,3,6609,6610
02:53:7c:22:9c:b4,120,110,211,7434
ae:79:af:fb:83:30,0,1,5284,5284
a0:8d:16:ca:b9:f1,0,3,659,659
40:88:05:14:7c:e6,0,1,4104,4104
20:55:31:db:4c:f3,0,1,5289,5289
20:55:b1:cd:e1:14,0,1,3959,3959
d4:52:78:62:8b:69,0,1,4301,4301
20:e9:ba:8f:8e:df,0,1,3867,3867
58:a2:b5:ff:6f:82,0,1,2341,2341
a0:f8:95:c9:40:f9,0,5,3343,4404
da:a1:19:f5:32:97,1,4,6639,6640
b1:d8:65:71:3a:82,0,1,5286,5286
40:88:05:82:58:1b,0,1,3875,3875
dc:53:7c:22:9c:b3,15,108,318,7439
20:55:31:db:02:83,0,1,5291,5291
50:24:ef:ee:90:a6,0,1,2997,2997
dc:53:7c:22:9c:b1,12,6,6248,6260
20:55:31:db:c2:97,2,2,5284,5286
ab:2c:66:3d:8a:df,0,1,5291,5291
20:55:31:5b:88:37,0,1,5289,5289
20:55:31:ce:9b:ed,0,1,5289,5289
00:00:14:4e:00:00,0,1,3953,3953
18:17:0e:ef:c2:df,0,1,5289,5289
20:55:31:7b:f0:9e,0,1,3461,3461
20:55:31:2f:1c:4a,0,1,7363,7363
60:fe:1e:48:ed:64,33,2,823,856
20:55:31:db:c2:22,0,1,5286,5286
20:55:99:e3:50:86,0,1,3073,3073
ff:00:b1:c1:83:fd,0,1,5288,5288
b6:6c:a8:85:4e:5c,0,3,602,602
20:55:b1:0d:8a:47,0,1,2998,2998
10:72:59:bf:c1:df,0,1,5289,5289
cf:af:90:ee:f0:98,0,1,5289,5289
53:55:31:db:c2:df,0,1,5262,5262
ae:93:b0:37:5d:8a,5,3,4098,4103
20:55:31:8b:f3:ca,0,1,3959,3959
40:88:05:40:71:a0,0,1,4012,4012
20:55:65:db:43:75,0,1,5262,5262
20:55:31:db:22:9b,0,1,2957,2957
7d:e9:da:dc:c2:df,0,1,5281,5281
b4:9d:0b:12:ec:90,50,453,338,3460
f0:2a:13:50:2e:ed,0,1,3865,3865
10:4a:ba:a1:3c:d6,0,1,5281,5281
2e:63:42:f7:31:09,13,4,240,253
20:55:31:8f:4e:db,0,1,5291,5291
5e:55:31:db:c2:df,0,3,3865,5042
20:55:31:db:62:bd,0,2,5283,5283
24:cd:61:d6:c2:df,0,1,5284,5284
da:a1:19:63:f4:a5,0,4,5746,5746
9e:fe:53:bf:3f:df,0,1,5346,5346
20:55:31:db:a2:69,0,1,7251,7251
20:55:31:db:02:4e,0,1,5260,5260
dd:e9:d3:ac:3f:df,0,1,5283,5283
20:7f:8a:e3:65:95,0,1,5289,5289
57:02:33:db:42:e6,0,1,3866,3866
ed:c4:07:db:c2:df,0,1,5222,5222
20:55:d1:ac:d5:df,0,1,5291,5291
72:64:8a:a5:15:e9,0,1,5285,5285
dc:53:7c:7b:05:2d,0,1,4150,4150
61:90:f9:21:f3:a0,0,1,5285,5285
69:3d:31:db:c2:df,0,1,5263,5263
3e:50:b3:40:3f:54,4,2,2654,2658
20:55:31:db:c2:ca,0,1,5056,5056
1e:b1:45:a4:13:c9,155,19,1456,1611
a4:ba:76:1e:4a:95,0,73,3,209
20:55:31:db:42:f5,0,1,3072,3072
38:2d:e8:9d:b2:89,99,48,56,257
20:55:61:72:c2:df,0,1,5821,5821
c6:fb:a0:7b:48:a6,0,1,5291,5291
20:55:31:db:42:f2,0,1,5283,5283
20:55:31:1b:79:47,0,1,7249,7249
15:e7:30:db:42:12,0,1,2958,2958
20:55:31:db:76:4e,0,1,5289,5289
be:20:f6:62:c0:6b,0,1,4277,4277
20:55:51:55:46:95,0,1,3867,3867
20:55:31:db:36:71,0,1,5287,5287
74:d7:82:2c:76:66,0,1,5290,5290
20:55:cd:f5:c9:fc,0,1,5284,5284
74:44:01:f3:13:90,42,7,3623,7229
68:21:e7:a9:63:ef,0,1,3254,3254
20:55:42:a5:2d:55,0,1,5291,5291
6e:2d:92:4f:2f:18,4,2,4236,4240
5c:79:7d:6b:1e:ac,0,1,4277,4277
ec:9b:f3:75:f1:25,31,38,4217,5434
dc:13:b9:62:1e:ac,0,1,4197,4197
a0:6c:31:db:ce:df,0,1,3867,3867
35:3c:35:db:c2:df,0,1,5285,5285
72:7d:d8:e7:d3:f5,12,5,2076,2088
0a:33:3a:7b:f7:6d,0,1,5280,5280
80:79:57:ed:c2:df,0,1,5289,5289
20:55:31:db:c2:8f,0,1,5287,5287
da:a1:19:8c:e6:33,0,4,5146,5146
f7:9d:cb:da:c2:df,0,1,3073,3073
88:df:08:9c:c2:df,0,1,5284,5284
f6:9d:37:db:c2:df,0,1,5290,5290
2b:55:71:bf:6d:a8,0,1,4979,4979
ec:ba:45:de:c2:df,0,1,7252,7252
20:55:31:db:5a:40,0,1,5263,5263
20:a8:65:47:a0:d1,0,1,5033,5033
50:f0:d3:ee:fb:82,2,1329,642,2233
20:26:95:da:c2:df,0,1,5280,5280
f0:55:31:db:c2:df,792,2,3073,3865
a3:df:d8:41:9f:fc,0,1,5289,5289
65:97:2d:85:c3:af,0,1,5290,5290
20:55:91:43:c1:df,0,1,5039,5039
ea:5b:76:ec:b3:36,46,5,4432,4478
3f:cc:12:7a:f7:2d,0,1,5285,5285
a5:89:ca:fc:13:64,0,1,4147,4147
dc:53:7c:3b:bf:ad,0,1,4268,4268
20:55:31:db:c2:1f,6,2,5284,5290
a0:ac:38:db:c2:df,0,1,5289,5289
20:55:31:db:c2:f8,0,1,3866,3866
80:d8:a0:db:c2:df,0,1,5003,5003
54:ea:a8:4d:39:bd,4,140,1067,5756
28:78:a1:e2:2f:25,0,1,5041,5041
4c:74:03:f3:5a:42,0,2,2611,2611
00:db:b5:c9:cb:2c,0,1,7252,7252
20:55:31:db:c2:f7,0,1,5285,5285
3c:91:57:4d:91:d8,0,2,5961,5961
dc:53:7c:bb:1b:66,0,1,4147,4147
20:55:34:db:c2:df,0,1,5055,5055
6f:65:31:db:c2:df,0,1,5289,5289
20:55:31:db:fa:9e,0,1,3073,3073
20:55:31:db:c2:3b,0,1,5281,5281
b8:ba:36:db:c2:df,0,1,7252,7252
92:90:3e:db:c2:df,0,1,3073,3073
78:71:99:db:c2:df,0,1,3073,3073
20:55:31:db:8e:60,0,1,5290,5290
b8:64:91:49:74:2c,20,6,7421,7441
40:88:05:6d:d5:3f,0,1,3059,3059
42:b3:86:f0:c4:df,0,1,5287,5287
32:a7:62:39:5a:ce,5,6,2681,2686
20:55:31:db:e8:b9,0,1,5287,5287
2f:55:31:db:c2:df,2327,2,2958,5285
8e:46:dc:0f:07:60,15,5,5730,5745
74:57:31:db:c2:df,0,1,5263,5263
ff:5c:d7:ac:55:a7,0,1,5290,5290
20:55:31:db:f1:df,0,1,5284,5284
20:55:31:1b:93:06,0,1,5290,5290
20:55:d7:c6:8b:df,0,1,5280,5280
60:af:6d:ba:76:17,0,2,6867,6867
9d:55:31:db:c2:df,0,1,7251,7251
c4:36:6c:96:8f:d4,120,104,27,7474
8c:ea:5a:bf:4c:5b,0,1,5289,5289
92:c6:8d:84:91:95,19,14,2275,2294
a3:a9:60:18:e9:37,0,1,5283,5283
f2:35:3f:ae:a9:0c,0,1,5977,5977
40:88:05:35:e3:14,0,1,2668,2668
6e:b0:ce:c5:be:bf,0,7,3341,7068
6e:b0:ce:c5:be:be,0,6,4219,7051
d2:81:69:4e:c3:f3,0,236,4599,5752
20:55:31:db:c2:13,1424,2,3866,5290
03:26:e5:d4:c2:df,0,1,7249,7249
b5:44:6f:34:46:f5,0,1,5043,5043
fe:92:63:77:cc:01,0,1,4145,4145
e4:25:e7:f9:a6:eb,0,1,3785,3785
e4:90:7e:eb:27:b2,0,6,27,118
20:55:31:bb:bc:08,0,1,3962,3962
20:d5:7b:73:5a:cc,0,1,4940,4940
dc:53:7c:8f:f2:59,0,67,3065,7481
20:55:31:16:2d:6d,0,1,4940,4940
20:55:31:5b:1b:17,0,1,5289,5289
5a:2a:07:7b:66:52,0,1,2437,2437
40:88:05:56:04:35,0,1,3150,3150
dc:20:41:c4:41:e0,0,1,4299,4299
8d:ee:77:b1:f6:23,0,1,5287,5287
2c:8a:72:8f:de:dd,0,1,3719,3719
50:f0:d3:3d:74:96,0,4,3849,4223
d3:6e:3d:db:c2:df,0,1,5284,5284
21:bd:76:48:12:87,0,1,4145,4145
35:76:2a:db:c2:df,0,1,3866,3866
4e:99:34:b9:17:6a,5,7,1142,1147
44:76:31:5b:bc:48,0,1,5288,5288
da:a1:19:99:93:99,0,4,5536,5536
20:55:31:db:37:dc,0,1,5290,5290
d9:48:30:db:c2:df,0,1,5285,5285
e8:b4:c8:00:98:d9,0,1,4848,4848
20:55:31:8f:1b:0f,0,1,3952,3952
03:c0:31:db:c2:df,0,1,5290,5290
20:95:0d:db:c2:df,0,1,5284,5284
da:0a:20:dd:5c:a2,71,19,4271,4342
00:00:fa:52:00:20,0,1,5285,5285
d8:22:cc:9b:74:19,0,1,5284,5284
06:d6:0a:fc:e6:19,13,5,365,378
dc:13:19:b5:5b:a2,0,1,4173,4173
86:8f:0d:48:e7:6e,4,3,1852,1856
81:60:23:db:c2:df,0,1,5371,5371
16:fd:2e:db:c2:df,0,1,5286,5286
43:4b:9e:86:0e:99,0,1,5056,5056
11:9a:62:d9:c2:df,0,1,5287,5287
40:88:05:66:3c:a6,0,1,3013,3013
20:55:31:db:0a:99,0,1,5260,5260
96:7d:c7:67:7a:e8,4,2,1733,1737
c0:c8:91:b9:8c:60,0,1,5283,5283
40:88:05:af:e0:48,0,1,2324,2324
70:83:f9:75:4f:9b,0,1,5286,5286
40:88:05:15:7d:e7,0,1,3966,3966
60:83:34:39:0a:75,121,36,5286,5407
40:88:05:2f:60:01,0,1,4012,4012
07:40:db:3c:79:59,0,1,5260,5260
da:a1:19:9a:33:9c,0,2,5596,5596
db:54:e2:35:d3:a7,0,1,5822,5822
66:dd:38:db:c2:df,0,1,3000,3000
0e:6a:fc:b9:51:da,13,3,2535,2548
2a:55:31:db:c2:df,0,1,5285,5285
20:55:31:db:e5:77,0,1,3192,3192
20:55:bf:4b:4f:27,0,1,2957,2957
20:99:00:94:12:17,0,1,5286,5286
20:f8:a0:2e:c1:df,0,1,5283,5283
20:55:31:1b:cd:39,0,1,5291,5291
20:7f:50:95:c2:df,0,1,5263,5263
20:61:8e:50:fb:cd,0,1,5288,5288
40:88:05:a3:e7:97,0,1,2915,2915
20:55:31:db:c2:8b,0,1,5281,5281
be:58:4b:85:61:b5,5,7,1397,1402
ad:39:95:ac:e1:ac,0,1,5281,5281
3e:9b:99:6b:1e:ac,0,1,4279,4279
32:5c:9b:c4:5b:98,0,1,5288,5288
b8:f6:7b:b3:ba:30,0,1,5285,5285
20:bf:46:1e:c6:df,0,1,5290,5290
6c:65:4e:f1:63:ea,0,1,3176,3176
20:26:15:8f:5e:ef,0,1,2957,2957
c6:22:00:9c:7d:f2,0,1,5280,5280
40:88:05:af:e0:4a,0,1,3606,3606
aa:88:42:10:52:23,0,1,4152,4152
23:55:fd:34:ec:df,0,1,5285,5285
44:db:a1:2e:41:fc,0,1,3440,3440
11:52:31:db:c2:df,0,1,5287,5287
da:a1:19:80:ac:66,0,3,6699,6699
2c:ae:2b:1e:01:a1,0,1,2979,2979
ae:af:30:db:c2:df,0,1,5286,5286
